learning_rate: 0.06873357115231221
n_estimators: 155
max_depth: 9
min_child_weight: 3
gamma: 0.5
subsample: 0.7485632025654929
colsample_bytree: 0.8252374368807873
reg_alpha: 1.0
reg_lambda: 0.0
booster: gbtree
