learning_rate: 0.09349609259346399
n_estimators: 195
max_depth: 8
min_child_weight: 1
gamma: 0.1496978138592608
subsample: 0.8953269063432018
colsample_bytree: 0.5404741863319118
reg_alpha: 0.82745268751237
reg_lambda: 0.556378544778802
booster: gbtree
