learning_rate: 0.062143346150132193
n_estimators: 186
max_depth: 10
min_child_weight: 3
gamma: 0.15244228769188858
subsample: 0.6806140100878391
colsample_bytree: 0.7447368651339507
reg_alpha: 0.9538162966729438
reg_lambda: 0.5406133140974534
booster: gbtree
